0.26261234283447266
0.2673976421356201
0.2482004165649414
0.26227378845214844
0.2733192443847656
0.285980224609375
0.3143160343170166
0.28588151931762695
0.31020259857177734
0.2956583499908447
0.34587955474853516
0.3072998523712158
0.2918860912322998
0.3409147262573242
0.3011319637298584
0.27588534355163574
0.9684784412384033
0.314974308013916
0.26581335067749023
0.2815859317779541
0.3093078136444092
0.2747917175292969
0.2831614017486572
0.41341185569763184
0.3271355628967285
0.3514063358306885
0.27455806732177734
0.8872342109680176
0.2352156639099121
0.28070569038391113
Mean placement time (seconds): 0.3378873348236084
Standard deviation placement time: 0.1617944274742806