0.395704984664917
0.4393191337585449
0.435443639755249
0.4566974639892578
0.4464280605316162
0.43956947326660156
0.4141697883605957
0.44108009338378906
0.42964768409729004
0.432081937789917
0.4474306106567383
0.4316115379333496
0.4456040859222412
0.47503232955932617
0.39873504638671875
0.484224796295166
0.40381765365600586
0.6153788566589355
0.4515342712402344
0.45598602294921875
0.4788365364074707
0.44602084159851074
0.4313328266143799
0.41812586784362793
0.4700922966003418
0.4555644989013672
0.4663503170013428
0.42278313636779785
0.44878578186035156
0.8162992000579834
Mean placement time (seconds): 0.45978962580362953
Standard deviation placement time: 0.07633397585159349