1.1599304676055908
1.5197439193725586
1.0811901092529297
2.936279058456421
1.5870857238769531
1.7833991050720215
1.5873503684997559
1.2692210674285889
1.6707887649536133
1.5627472400665283
2.076577663421631
1.493851661682129
2.1820640563964844
1.7780635356903076
2.3695151805877686
1.5438766479492188
2.43277645111084
2.075674057006836
1.7813160419464111
1.5024006366729736
2.212912082672119
2.0506865978240967
1.7959027290344238
1.3373298645019531
1.61513352394104
1.7044861316680908
1.94209885597229
1.8363242149353027
2.1623380184173584
1.0566251277923584
Mean placement time (seconds): 1.7702562967936197
Standard deviation placement time: 0.4156566486698497