0.6738898754119873
0.7378747463226318
0.7525162696838379
0.8645856380462646
0.7337183952331543
0.7001900672912598
0.7005140781402588
0.7702538967132568
0.9086196422576904
0.8099772930145264
0.7666144371032715
0.7485690116882324
0.7198173999786377
1.0408525466918945
0.8701605796813965
0.7833971977233887
0.7884764671325684
0.9262392520904541
0.7623298168182373
0.7298417091369629
0.7771134376525879
0.8357324600219727
0.8404028415679932
1.2910466194152832
0.8324544429779053
0.8649630546569824
0.9871048927307129
0.7525544166564941
0.7956206798553467
0.8758697509765625
Mean placement time (seconds): 0.8213766972223918
Standard deviation placement time: 0.12085683089812815