0.7444007396697998
0.6096415519714355
0.5180928707122803
0.6343119144439697
0.5301773548126221
0.4705235958099365
0.6337473392486572
0.5660884380340576
0.5646576881408691
0.5308544635772705
0.5315515995025635
0.5940060615539551
0.5348036289215088
0.5435664653778076
0.5302224159240723
0.9240374565124512
0.6254913806915283
0.6905374526977539
0.5274372100830078
0.553617000579834
0.6176643371582031
1.5786404609680176
0.5870165824890137
0.5197536945343018
0.4967212677001953
0.5134060382843018
0.4916517734527588
0.6936979293823242
0.5255231857299805
0.7199118137359619
Mean placement time (seconds): 0.6200584570566813
Standard deviation placement time: 0.20068835431110502