0.8392586708068848
0.7352032661437988
0.8975069522857666
1.1653344631195068
1.0067651271820068
1.1466848850250244
0.9299287796020508
1.144939661026001
0.8694086074829102
1.6148364543914795
1.1058967113494873
0.8375592231750488
1.0449604988098145
1.3377752304077148
1.087571382522583
1.3364660739898682
0.818692684173584
1.9216432571411133
2.3665878772735596
1.9162631034851074
1.0098886489868164
1.3351845741271973
1.2112910747528076
1.4764189720153809
2.340479612350464
2.7425310611724854
1.9346165657043457
2.1368978023529053
0.8044254779815674
2.517186403274536
Mean placement time (seconds): 1.387740103403727
Standard deviation placement time: 0.5672620693911543